45696.480951026206
27022.643804331554
28196.499473868476
20928.1508478034
23957.256861807055
49082.78238032914
38551.38111359114
29084.455960238676
42309.41303678447
20548.854737861435
51049.89308002431
20208.336835944378
48021.30815309693
37301.58324970002
29499.200010857276
35350.28195651817
36720.51188781773
28842.837811336198
29074.793540258455
55836.05589492937
53194.57096854892
22626.17608773846
20558.035274519578
50965.69243925161
19613.522989802226
15058.199675154436
47260.43326282565
29065.40969700084
17523.89652344688
20844.14951982702
22690.918406855337
48763.24099370482
23946.459666410334
51211.20715911753
42140.90719779164
21869.44883720509
56619.90411577102
33713.05705060813
43958.195403936756
20601.899423012335
24285.535453635413
26702.757326676787
36025.99173346207
15535.586669258697
47053.615127020734
50318.960363382925
18434.31743208351
41884.96497346401
26165.962402106434
24743.535461686402
49981.652880483045
54109.41125243909
25366.53507071793
43569.69144989476
26387.40362472084
28677.363730116354
30813.373732044856
61831.3771067307
28083.356714281552
46356.29856381527
41139.703141273036
28140.125439535
30439.26145813407
29320.21520063376
26900.6978158755
57000.977017563935
26538.105931519618
55626.06764806444
37012.22477706208
45148.623753334956
21961.216329789386
18245.161464563356
21271.535128030057
41471.565259648116
40930.14565719811
32288.298352924096
33830.27897842117
30009.216563779508
42547.55680150242
33048.30949256762
33631.74062775616
28563.49703465262
25340.734641957584
26027.694271997643
23167.494789845772
24441.049396627994
41583.65844068281
24147.118336331798
30857.41014078864
26096.468766210524
46178.21347314924
50632.17456117844
18369.64620584548
38493.515219325134
